 -7.07106781e-01 1.41421356e+00 1.41421356e+00
 -6.84668052e-01 1.45771007e+00 1.36933610e+00
 -6.61560756e-01 1.49978314e+00 1.32312151e+00
 -6.37807457e-01 1.54039170e+00 1.27561491e+00
 -6.13431349e-01 1.57949610e+00 1.22686270e+00
 -5.88456237e-01 1.61705814e+00 1.17691247e+00
 -5.62906507e-01 1.65304115e+00 1.12581301e+00
 -5.36807108e-01 1.68741000e+00 1.07361422e+00
 -5.10183526e-01 1.72013112e+00 1.02036705e+00
 -4.83061759e-01 1.75117256e+00 9.66123518e-01
 -4.55468290e-01 1.78050401e+00 9.10936581e-01
 -4.27430064e-01 1.80809683e+00 8.54860129e-01
 -3.98974460e-01 1.83392408e+00 7.97948921e-01
 -3.70129264e-01 1.85796052e+00 7.40258529e-01
 -3.40922644e-01 1.88018271e+00 6.81845287e-01
 -3.11383118e-01 1.90056892e+00 6.22766235e-01
 -2.81539531e-01 1.91909926e+00 5.63079062e-01
 -2.51421026e-01 1.93575563e+00 5.02842052e-01
 -2.21057013e-01 1.95052177e+00 4.42114026e-01
 -1.90477141e-01 1.96338326e+00 3.80954282e-01
 -1.59711272e-01 1.97432754e+00 3.19422543e-01
 -1.28789447e-01 1.98334392e+00 2.57578894e-01
 -9.77418615e-02 1.99042360e+00 1.95483723e-01
 -6.65988327e-02 1.99555967e+00 1.33197665e-01
 -3.53907714e-02 1.99874710e+00 7.07815427e-02
 -4.14815150e-03 1.99998279e+00 8.29630300e-03
 2.70985190e-02 1.99926554e+00 -5.41970379e-02
 5.83187282e-02 1.99659603e+00 -1.16637456e-01
 8.94819902e-02 1.99197688e+00 -1.78963980e-01
 1.20557874e-01 1.98541260e+00 -2.41115749e-01
 1.51516036e-01 1.97690960e+00 -3.03032072e-01
 1.82326245e-01 1.96647618e+00 -3.64652490e-01
 2.12958415e-01 1.95412253e+00 -4.25916830e-01
 2.43382635e-01 1.93986071e+00 -4.86765270e-01
 2.73569196e-01 1.92370465e+00 -5.47138392e-01
 3.03488621e-01 1.90567013e+00 -6.06977243e-01
 3.33111695e-01 1.88577475e+00 -6.66223391e-01
 3.62409491e-01 1.86403794e+00 -7.24818982e-01
 3.91353400e-01 1.84048093e+00 -7.82706801e-01
 4.19915160e-01 1.81512673e+00 -8.39830319e-01
 4.48066879e-01 1.78800008e+00 -8.96133758e-01
 4.75781068e-01 1.75912748e+00 -9.51562137e-01
 5.03030666e-01 1.72853713e+00 -1.00606133e+00
 5.29789062e-01 1.69625888e+00 -1.05957812e+00
 5.56030129e-01 1.66232427e+00 -1.11206026e+00
 5.81728241e-01 1.62676643e+00 -1.16345648e+00
 6.06858306e-01 1.58962008e+00 -1.21371661e+00
 6.31395784e-01 1.55092149e+00 -1.26279157e+00
 6.55316714e-01 1.51070845e+00 -1.31063343e+00
 6.78597739e-01 1.46902023e+00 -1.35719548e+00
 7.01216125e-01 1.42589754e+00 -1.40243225e+00
 7.23149785e-01 1.38138248e+00 -1.44629957e+00
 7.44377302e-01 1.33551853e+00 -1.48875460e+00
 7.64877947e-01 1.28835046e+00 -1.52975589e+00
 7.84631701e-01 1.23992434e+00 -1.56926340e+00
 8.03619276e-01 1.19028746e+00 -1.60723855e+00
 8.21822130e-01 1.13948828e+00 -1.64364426e+00
 8.39222489e-01 1.08757641e+00 -1.67844498e+00
 8.55803362e-01 1.03460254e+00 -1.71160672e+00
 8.71548557e-01 9.80618403e-01 -1.74309711e+00
 8.86442699e-01 9.25676705e-01 -1.77288540e+00
 9.00471246e-01 8.69831100e-01 -1.80094249e+00
 9.13620497e-01 8.13136119e-01 -1.82724099e+00
 9.25877614e-01 7.55647124e-01 -1.85175523e+00
 9.37230627e-01 6.97420253e-01 -1.87446125e+00
 9.47668450e-01 6.38512363e-01 -1.89533690e+00
 9.57180891e-01 5.78980976e-01 -1.91436178e+00
 9.65758661e-01 5.18884225e-01 -1.93151732e+00
 9.73393384e-01 4.58280791e-01 -1.94678677e+00
 9.80077604e-01 3.97229854e-01 -1.96015521e+00
 9.85804796e-01 3.35791029e-01 -1.97160959e+00
 9.90569366e-01 2.74024310e-01 -1.98113873e+00
 9.94366662e-01 2.11990011e-01 -1.98873332e+00
 9.97192976e-01 1.49748707e-01 -1.99438595e+00
 9.99045548e-01 8.73611757e-02 -1.99809110e+00
 9.99922568e-01 2.48883380e-02 -1.99984514e+00
 9.99823182e-01 -3.76088028e-02 -1.99964636e+00
 9.98747485e-01 -1.00069219e-01 -1.99749497e+00
 9.96696527e-01 -1.62431920e-01 -1.99339305e+00
 9.93672313e-01 -2.24636008e-01 -1.98734463e+00
 9.89677795e-01 -2.86620744e-01 -1.97935559e+00
 9.84716873e-01 -3.48325599e-01 -1.96943375e+00
 9.78794391e-01 -4.09690320e-01 -1.95758878e+00
 9.71916134e-01 -4.70654985e-01 -1.94383227e+00
 9.64088817e-01 -5.31160064e-01 -1.92817763e+00
 9.55320083e-01 -5.91146474e-01 -1.91064017e+00
 9.45618496e-01 -6.50555639e-01 -1.89123699e+00
 9.34993528e-01 -7.09329548e-01 -1.86998706e+00
 9.23455555e-01 -7.67410808e-01 -1.84691111e+00
 9.11015844e-01 -8.24742705e-01 -1.82203169e+00
 8.97686541e-01 -8.81269255e-01 -1.79537308e+00
 8.83480662e-01 -9.36935260e-01 -1.76696132e+00
 8.68412079e-01 -9.91686364e-01 -1.73682416e+00
 8.52495506e-01 -1.04546910e+00 -1.70499101e+00
 8.35746487e-01 -1.09823096e+00 -1.67149297e+00
 8.18181375e-01 -1.14992041e+00 -1.63636275e+00
 7.99817322e-01 -1.20048699e+00 -1.59963464e+00
 7.80672262e-01 -1.24988131e+00 -1.56134452e+00
 7.60764888e-01 -1.29805514e+00 -1.52152978e+00
 7.40114641e-01 -1.34496144e+00 -1.48022928e+00
 7.18741684e-01 -1.39055441e+00 -1.43748337e+00
 6.96666888e-01 -1.43478953e+00 -1.39333378e+00
 6.73911809e-01 -1.47762360e+00 -1.34782362e+00
 6.50498666e-01 -1.51901479e+00 -1.30099733e+00
 6.26450322e-01 -1.55892270e+00 -1.25290064e+00
 6.01790260e-01 -1.59730834e+00 -1.20358052e+00
 5.76542560e-01 -1.63413424e+00 -1.15308512e+00
 5.50731876e-01 -1.66936443e+00 -1.10146375e+00
 5.24383412e-01 -1.70296452e+00 -1.04876682e+00
 4.97522897e-01 -1.73490169e+00 -9.95045793e-01
 4.70176558e-01 -1.76514476e+00 -9.40353117e-01
 4.42371100e-01 -1.79366419e+00 -8.84742201e-01
 4.14133675e-01 -1.82043215e+00 -8.28267350e-01
 3.85491855e-01 -1.84542248e+00 -7.70983709e-01
 3.56473608e-01 -1.86861079e+00 -7.12947217e-01
 3.27107271e-01 -1.88997443e+00 -6.54214543e-01
 2.97421520e-01 -1.90949254e+00 -5.94843040e-01
 2.67445341e-01 -1.92714607e+00 -5.34890683e-01
 2.37208007e-01 -1.94291777e+00 -4.74416014e-01
 2.06739043e-01 -1.95679224e+00 -4.13478086e-01
 1.76068202e-01 -1.96875594e+00 -3.52136403e-01
 1.45225433e-01 -1.97879718e+00 -2.90450866e-01
 1.14240854e-01 -1.98690617e+00 -2.28481708e-01
 8.31447205e-02 -1.99307497e+00 -1.66289441e-01
 5.19673979e-02 -1.99729756e+00 -1.03934796e-01
 2.07393300e-02 -1.99956983e+00 -4.14786599e-02
 -1.05089896e-02 -1.99988956e+00 2.10179791e-02
 -4.17470473e-02 -1.99825642e+00 8.34940945e-02
